0.53333
0.513631
0.495097
0.477782
0.461568
0.451812
0.457749
0.461568
0.46289
0.477782
0.495097
0.513631
0.53333
0.552959
0.564
0.552959
0.538721
0.516936
0.497382
0.479479
0.46289
0.465612
0.472947
0.477782
0.479479
0.479479
0.497382
0.516936
0.538721
0.564
0.6
0.564
0.53333
0.513631
0.495097
0.477782
0.468449
0.479479
0.488748
0.495097
0.497382
0.495097
0.504874
0.520493
0.53333
0.552959
0.564
0.552959
0.520493
0.504874
0.488748
0.472947
0.479479
0.492902
0.504874
0.513631
0.516936
0.513631
0.513631
0.53333
0.552959
0.564
0.552959
0.53333
0.516936
0.497382
0.479479
0.472947
0.488748
0.504874
0.520493
0.53333
0.538721
0.53333
0.520493
0.538721
0.564
0.6
0.564
0.538721
0.513631
0.495097
0.477782
0.477782
0.495097
0.513631
0.53333
0.552959
0.564
0.552959
0.53333
0.53333
0.552959
0.564
0.552959
0.53333
0.513631
0.495097
0.477782
0.479479
0.497382
0.516936
0.538721
0.564
0.6
0.564
0.538721
0.53333
0.552959
0.564
0.552959
0.53333
0.516936
0.497382
0.479479
0.477782
0.495097
0.513631
0.53333
0.552959
0.564
0.552959
0.53333
0.538721
0.564
0.6
0.564
0.538721
0.513631
0.495097
0.477782
0.472947
0.488748
0.504874
0.520493
0.53333
0.538721
0.53333
0.520493
0.53333
0.552959
0.564
0.552959
0.53333
0.504874
0.488748
0.472947
0.465612
0.479479
0.492902
0.504874
0.513631
0.516936
0.513631
0.504874
0.520493
0.53333
0.538721
0.53333
0.520493
0.492902
0.479479
0.465612
0.456521
0.468449
0.479479
0.488748
0.495097
0.497382
0.495097
0.492902
0.504874
0.513631
0.516936
0.513631
0.504874
0.479479
0.468449
0.456521
0.446329
0.456521
0.465612
0.472947
0.477782
0.479479
0.477782
0.479479
0.488748
0.495097
0.497382
0.495097
0.488748
0.472947
0.465612
0.456521
0.446329
0.444246
0.451812
0.457749
0.461568
0.46289
0.461568
0.465612
0.472947
0.477782
0.479479
0.479479
0.477782
0.488748
0.479479
0.468449
0.456521
0.444246
0.438324
0.443226
0.446329
0.447393
0.456521
0.468449
0.479479
0.488748
0.495097
0.497382
0.495097
0.504874
0.492902
0.479479
0.465612
0.451812
0.438324
0.429376
0.438324
0.451812
0.465612
0.479479
0.492902
0.504874
0.513631
0.516936
0.513631
0.520493
0.504874
0.488748
0.472947
0.457749
0.443226
0.443226
0.446329
0.457749
0.472947
0.488748
0.504874
0.520493
0.53333
0.538721
0.53333
